# Line list compiled by J. Carlberg for Be synthesis. 2016-08-15
3127.608   607.01214     0.519    -4.030               7.724          0502Rb0075
3127.6096   27.0        2.1367    -5.851                              VALD
3127.6159   28.1        8.4162    -5.187                              VALD
3127.6162   28.0        3.3062    -3.830                              VALD
3127.6241   24.0        2.7079    -3.991                              VALD
3127.6414  106.00112     0.051    -1.520               3.467          Heimer 1932) 12CH CX'
3127.6543   28.0        3.3062    -1.531                              VALD
3127.6824   26.2        0.8818    -5.529                              VALD
3127.6838   22.1        5.0584     0.152                              VALD
3127.6842   22.0        1.9685    -0.303                              VALD
3127.6868   108.0       0.6125    -1.429               4.39           VALD
3127.6980   26.0        3.4170    -4.008                              VALD
3127.7169  106.00112     0.408    -6.639               3.467          12CH AX
3127.7175  106.00113     0.050    -1.520               3.467          Bembene et al. (1997) 13CH CX'
3127.7370   73.1        1.2084     0.410                              VALD
3127.7472   58.1        1.8134    -0.230                              VALD
3127.7861  106.00112     0.408    -6.581               3.467          12CH AX
3127.7911   23.0        0.0000    -3.917                              VALD
3127.7988   108.0       1.6851    -2.831               4.39           VALD
3127.8155   28.1        2.5532    -3.722                              VALD
3127.8449   69.1        2.7717    -0.180                              VALD
3127.8459  106.00112     0.051    -1.434               3.467          Heimer 1932) 12CH CX'
3127.8489   29.0        5.6884    -2.136                              VALD
3127.8498   22.1        3.8693    -0.120                              VALD
3127.8625   70.1        4.2638    -0.580                              VALD
3127.8684   24.1        9.1112    -4.951                              VALD
3127.8721  106.00112     0.051    -5.305               3.467          12CH CX
3127.8831   28.1        2.2910    -6.770                              VALD
3127.892   607.01314     0.370    -4.129               7.724          0401Ra0235
3127.8937   22.0        2.1171    -0.568                              VALD
3127.8938   23.0        1.0509    -4.422                              VALD
3127.8968   22.0        1.9807    -0.668                              VALD
3127.8990   27.1        3.4748    -2.970                              VALD
3127.9144   69.1        3.4347    -2.170                              VALD
3127.9162  106.00112     0.371    -3.561               3.467          12CH CX
3127.9231  106.00113     0.370    -3.561               3.467          shift fom C12H 13CH CX'
3127.9240  106.00112     0.408    -6.582               3.467          12CH AX
3127.9269  106.00113     0.051    -1.434               3.467          Bembene et al. (1997) 13CH CX'
3127.9338   26.0        3.4170    -4.729                              VALD
3127.9339   23.0        1.7112    -2.391                              VALD
  3127.945 607.01214     0.516    -4.030               7.724          0502Ra0075
  3127.968     108.0     1.670    -3.336                4.39
  3128.060     108.0     0.541    -2.425                4.39
  3128.101     108.0     0.210    -2.883                4.39
  3128.154     108.0     1.599    -3.996                4.39
  3128.166      25.1     6.914    -2.721
  3128.172      25.0     7.822    -3.642
  3128.219 607.01314     0.360    -4.152               7.724          0401Ra0225
  3128.232 607.01314     0.360    -4.175               7.724          0401Rb0215
  3128.237      26.0    3.4149    -2.532                              Kurucz   
  3128.237     108.0     0.442    -3.323                4.39
  3128.269      21.1     7.424    -0.171                              EP Changed from 7.424 to 3.461
  3128.286     108.0     0.210    -1.983                4.39
  3128.289     108.0     0.442    -3.138                4.39
  3128.304      23.1     2.376    -0.873
  3128.307     607.0     0.513    -4.541                7.65
  3128.308     607.0     0.513    -4.604                7.65
  3128.356     108.0     1.714    -2.611                4.39
  3128.377     108.0     1.714    -3.478                4.39
  3128.383 106.00112     0.560    -1.256               3.467             12CHCXR
  3128.393      77.0     1.728    -0.959
  3128.406      66.1     1.314     0.354
  3128.406 106.00112     0.560    -1.223               3.467             12CHCXR
  3128.459 106.00113     0.557    -1.256               3.467             13CHCXR
  3128.490      22.1      3.90     -0.02                              T11 (**DM EP diff)    
  3128.495      22.1     2.590    -5.042
  3128.502 106.00113     0.557    -1.223               3.467             13CHCXR
  3128.518     108.0     0.786    -2.088                4.39
  3128.524     108.0     0.102    -3.301                4.39
  3128.546      24.1     4.757    -2.066
  3128.550 607.01314     0.350    -4.175               7.724          0401Ra0215
  3128.563 607.01314     0.350    -4.199               7.724          0401Rb0205
  3128.568      64.1     1.134    -0.104
  3128.617      22.0     5.959    -3.182
  3128.618      22.0     1.067    -3.054
  3128.627      22.0     2.103    -0.161                              VALD EP/gf
  3128.641      25.1     6.672    -1.146
  3128.648      26.1     12.97    -2.068
  3128.653     607.0     0.510    -4.604                7.65
  3128.653     607.0     0.510    -4.678                7.65
  3128.692      24.1     2.434    -0.528                              VALD EP/gf
  3128.692      29.0     4.974    -0.710
  3128.694      23.1     2.372    -0.491                              VALD EP/gf
  3128.728      28.0     1.951    -4.291
  3128.737      39.1     3.376     0.810
  3128.763      72.0     0.000    -1.770
  3128.776      23.0     1.804    -1.900
  3128.782     108.0     0.897    -1.991                4.39
  3128.830 106.00113     0.870    -4.056               3.467             13CHCXR
  3128.854      23.0     1.712    -3.688
  3128.883 607.01314     0.341    -4.199               7.724          0401Ra0205
  3128.890 106.00112     0.874    -4.056               3.467             12CHCXR
  3128.897 607.01314     0.341    -4.224               7.724          0401Rb0195
  3128.898      26.0    1.5574    -2.336                              Kurucz
  3128.938     108.0     1.939    -3.595                4.39
  3128.949      75.0     2.061     0.220
  3128.954      25.0     2.920    -4.350
  3128.975     108.0     1.939    -1.772                4.39
  3129.001     607.0     0.508    -4.678                7.65
  3129.005      27.0     0.514    -2.932
  3129.009      26.1     12.97    -2.469
  3129.009      26.1     3.968    -2.695
  3129.013      24.1     12.98    -0.059
  3129.017     107.0     0.740    -4.695                3.47
  3129.038      26.2     10.31    -3.640
  3129.070     22.0      2.117    +0.042                              VALD EP/gf
  3129.095     108.0     0.897    -3.241                4.39
  3129.102      26.0    0.8033   -11.190                              Peterson, best-fit loggf (not calc), reduce by 10
  3129.102      26.0    3.2830    -0.890                              Kurucz   
  3129.110      20.0     4.625    -2.733
  3129.138     107.0     0.740    -4.676                3.47
  3129.144      24.1     7.332    -1.303
  3129.153      40.1     0.527    -0.320
  3129.183      22.0     1.046    -3.796
  3129.209     107.0     0.740    -4.652                3.47
  3129.210      24.0     3.556    -1.310
  3129.218 607.01314     0.332    -4.224               7.724          0401Ra0195
  3129.228      76.0     2.191    -0.270
  3129.232 607.01314     0.332    -4.250               7.724          0401Rb0185
  3129.300     28.0      0.275    -2.510                              VALD EP/gf
  3129.305      66.0     0.000    -1.870
  3129.333      26.0    1.4849    -1.999                              Kurucz   
  3129.348      25.0     3.379    -3.710
  3129.348      25.0     3.379    -4.310
  3129.376      11.1     32.94     0.009
  3129.389      23.0     2.115    -3.009
  3129.454       8.1     25.64    -0.538
  3129.478      23.1     8.574    -0.818
  3129.481      27.0     1.883    -2.022
  3129.539     108.0     0.515    -2.519                              VALD EP/gf
  3129.548      73.0     1.147    -0.971
  3129.555 607.01314     0.324    -4.250               7.724          0401Ra0185
  3129.589      72.0     0.000    -1.870
  3129.615      22.0     1.443    -2.108                              VALD EP/gf/wave
  3129.619      26.0    3.2657   -10.581                              Kurucz      --> BAD, added -10 to gf
  3129.652      41.1     1.321    -0.939
 3129.6609     25.0     3.7706    -1.377                              VALD
  3129.764      40.1     0.039    -0.540                              VALD EP/gf
  3129.774      24.0     2.708    -2.463
  3129.821 607.01214     1.035    -2.902               7.724          0603Rb0345
  3129.858      24.0     2.967    -2.336                              VALD EP/gf
  3129.934      39.1     3.414     0.980
  3129.938     108.0     1.609    -1.490                              VALD EP/gf
  3129.943      73.0     0.697    -1.140
  3129.968      64.1     1.172    -0.203
  3129.974      90.1     1.287    -0.764
  3129.979 607.01214     1.019    -2.902               7.724          0603Ra0345
  3130.006 607.01214     1.019    -2.918               7.724          0603Rb0335
  3130.056      40.0     0.519    -0.699
  3130.063      26.1     13.02    -2.381
  3130.065 607.01214     0.316    -4.300               7.724          0401Pa0165
  3130.075     108.0     2.295    -2.535                4.39
  3130.126     108.0     0.842    -2.100                4.39
  3130.145     108.0     1.987    -1.849                4.39
  3130.157      22.0     5.941    -0.461                              EP changed from 5.941 (had picked 1.981
  3130.169 607.01214     1.004    -2.918               7.724          0603Ra0335
  3130.197 607.01214     1.004    -2.935               7.724          0603Rb0325
  3130.202      25.1     4.801    -0.714
  3130.212      26.0    3.3320    -2.206                              Kurucz
  3130.249 106.00112     0.523    -1.294               3.467             12CHCXR
  3130.258      23.1     0.348    -0.320                              VALD EP/gf
  3130.281     108.0     0.250    -1.873                4.39          X try down 1.4 (was -1.873
  3130.294 106.00112     0.523    -1.256               3.467             12CHCXR
  3130.322 106.00113     0.521    -1.294               3.467             13CHCXR
  3130.340      58.1     0.529    -0.152
  3130.353      27.1     2.985    -3.333
  3130.366 607.01214     0.989    -2.935               7.724          0603Ra0325
  3130.367 106.00112     0.035    -1.628               3.467             12CHCXR
  3130.376      22.0     1.430    -1.561
  3130.382 106.00113     0.521    -1.256               3.467             13CHCXR
  3130.395 607.01214     0.989    -2.952               7.724          0603Rb0315
  3130.407     108.0     1.756    -3.489                4.39
  3130.408     108.0     1.670    -3.987                4.39
  3130.420       4.1     0.000    -0.174
  3130.433     108.0     1.756    -2.369                4.39
  3130.436 106.00113     0.035    -1.628               3.467             13CHCXR
  3130.439      25.0     3.772    -2.519
  3130.441 607.01214     0.324    -4.272               7.724          0401Pa0175
  3130.473     108.0     1.609    -3.220                4.39
  3130.549      25.1     6.494    -1.146
  3130.562      26.1     3.768    -5.213
  3130.569      24.1     5.330    -2.457
  3130.570     108.0     0.683    -1.376                              VALD EP/gf
  3130.570 607.01214     0.975    -2.952               7.724          0603Ra0315
  3130.575      23.0     1.218    -3.265
  3130.577      73.0     1.394     0.068
  3130.585      24.0     3.556    -1.967
  3130.600 607.01214     0.974    -2.969               7.724          0603Rb0305
  3130.637      25.0     4.268    -1.008
  3130.644 106.00112     0.035    -1.520               3.467             12CHCXR
  3130.669 106.00112     0.035    -5.112               3.467             12CHCXQ
  3130.710 106.00113     0.035    -1.520               3.467             13CHCXR
  3130.733 106.00113     0.035    -5.112               3.467             13CHCXQ
  3130.780      41.1     0.439     0.410
  3130.780 607.01214     0.960    -2.969               7.724          0603Ra0305
  3130.791      45.0     0.431    -2.110
  3130.803      22.1     0.012    -1.230
  3130.811 607.01214     0.960    -2.987               7.724          0603Rb0295
  3130.813      64.1     1.157    -0.083
  3130.818 607.01214     0.332    -4.245               7.724          0401Pa0185
  3130.839 607.01214     0.332    -4.272               7.724          0401Pb0175
  3130.842      23.0     1.955    -2.924
  3130.851      26.2     11.59    -3.278
  3130.871      58.1     1.107    -0.432                              VALD EP/gf   (orig -0.432)
  3130.905      26.1     7.487    -3.000                               (orig -3.00), EP orig 7.487
  3130.916 106.00112     0.004    -3.151               3.467             12CHCXR (orig -3.151) (arcturus fits with -1.151
  3130.928     108.0      1.91     -2.52                              XT11     increase by 0.4 (orig -2.52) did nothing
  3130.933     108.0     0.683    -3.232                              XVALD EP/gf  increase by 0.4 (orig -3.232  
  3130.981 106.00113     0.004    -3.151               3.467          X   13CHCXR - increase by 0.4 (orig, -3.151)
  3130.996 607.01214     0.947    -2.987               7.724          X0603Ra0295 up by 1 (orig -2.987)
  3130.997     108.0     1.569    -3.863                4.39          X increase by 0.4? (orig -3.863)
  3131.015      25.1     6.112    -1.217                              orig was -1.217
  3131.028 607.01214     0.947    -3.005               7.724          0603Rb0285
  3131.037      25.0     3.773    -0.225                               X increase by 0.7 dex (orig -0.225) T11 -1.73
  3131.039      22.1     0.010    -4.400                              Fake
  3131.059      25.1     6.672    -2.719
  3131.065       4.1     0.000    -0.471
  3131.070      90.1     0.000    -1.559
  3131.102      26.1     9.688    -1.158
  3131.109      40.0     0.520    -0.550                              Tweak. orig is -0.40
  3131.116      76.0     1.841     0.049
  3131.121 607.01314     0.769    -3.352               7.724          0502Rb0345
  3131.143      22.0     0.836    -5.554
  3131.194      42.0     2.499    -1.356
  3131.196 607.01214     0.341    -4.219               7.724          0401Pa0195
  3131.212      24.0      3.11     -0.06                              T11  test up by 0.6 (was -0.66)  
  3131.218 607.01214     0.341    -4.245               7.724          0401Pb0185
  3131.218 607.01214     0.934    -3.005               7.724          0603Ra0285
  3131.251 607.01214     0.934    -3.023               7.724          0603Rb0275
  3131.255      69.1     0.000     0.240                              test, increase by 1 dex Fixed: log gf=0.24
  3131.325 607.01314     0.754    -3.352               7.724          0502Ra0345
  3131.326      27.1     2.204    -4.088
  3131.329     108.0     1.942    -1.796                4.39          X test increase gf by 0.2 (orig -1.796
  3131.338      25.0     4.679    -1.932
  3131.339      21.1     7.381    -2.429
  3131.366     108.0     1.942    -3.602                4.39
  3131.381 607.01314     0.754    -3.369               7.724          0502Rb0335
  3131.384     108.0     1.680    -3.219                4.39
  3131.394     108.0     1.680    -3.292                4.39
  3131.395      26.1     3.814    -3.784                              VALD EP/gf
  3131.423     108.0     0.960    -2.103                4.39
  3131.447 607.01214     0.921    -3.023               7.724          0603Ra0275
  3131.458      25.1     4.340    -4.532
  3131.479 607.01214     0.921    -3.042               7.724          0603Rb0265
  3131.483      26.0    3.4302    -2.527                              Kurucz   
  3131.486      28.1     12.41    -2.122
  3131.502     108.0     0.494    -2.733                4.39
  3131.525      28.0     7.152    -2.900                              EP changed from 7.152 to 3.193 (no diff)
  3131.533      24.1     4.168    -1.548                              VALD EP/gf
  3131.545      80.0     4.887    -0.040
  3131.548      24.1     4.178    -1.456
  3131.575 607.01214     0.350    -4.195               7.724          0401Pa0205
  3131.580 106.00113     0.836    -4.011               3.467             13CHCXR
  3131.583      25.1     6.495    -1.907
  3131.592 607.01314     0.739    -3.369               7.724          0502Ra0335
  3131.597 607.01214     0.350    -4.220               7.724          0401Pb0195
  3131.640 106.00112     0.839    -4.011               3.467             12CHCXR
  3131.645 607.01314     0.739    -3.387               7.724          0502Rb0325
  3131.656     107.0     0.787    -3.854                3.47
  3131.682 607.01214     0.909    -3.042               7.724          0603Ra0265
  3131.686     108.0      1.74     -2.51                              T11       
  3131.702      28.0     3.306    -1.607                              EP changed from 7.152 to 3.306 kp
  3131.711     108.0     1.736    -3.496                4.39
  3131.714 607.01214     0.909    -3.062               7.724          0603Rb0255
  3131.724      26.1     4.080    -2.011                              VALD EP/gf
  3131.754     108.0     0.960    -3.260                4.39
  3131.812      72.0     1.306     0.420
  3131.826      27.0     1.740    -2.236                              VALD EP/gf
  3131.838      80.0     4.887    -0.040
  3131.862 607.01314     0.725    -3.387               7.724          0502Ra0325
  3131.912 607.01314     0.724    -3.405               7.724          0502Rb0315
  3131.922 607.01214     0.897    -3.062               7.724          0603Ra0255
  3131.935     107.0     0.787    -3.830                3.47
  3131.954 607.01214     0.897    -3.081               7.724          0603Rb0245
  3131.955 607.01214     0.360    -4.171               7.724          0401Pa0215
  3131.978 607.01214     0.360    -4.195               7.724          0401Pb0205
  3132.053      24.1     2.483     0.437                              VALD Ep/gf
  3132.062      22.0     5.975    -3.276
  3132.063      40.0     0.543     0.021
  3132.109      24.1     4.775    -4.192
  3132.136 607.01314     0.711    -3.405               7.724          0502Ra0315
  3132.142      23.0     0.262    -5.230
  3132.168 607.01214     0.886    -3.081               7.724          0603Ra0245
  3132.184 607.01314     0.710    -3.424               7.724          0502Rb0305
  3132.186     108.0     0.901    -2.016                4.39
  3132.193     107.0     0.787    -3.796                3.47
  3132.200 607.01214     0.886    -3.102               7.724          0603Rb0235
  3132.212      27.0     0.101    -3.060                              VALD EP/gf
  3132.238 106.00112     0.490    -1.338               3.467             12CHCXR
  3132.288      25.0     4.332    -0.500
  3132.298 106.00113     0.488    -1.338               3.467             13CHCXR
  3132.303 106.00112     0.490    -1.294               3.467             12CHCXR
  3132.336 607.01214     0.370    -4.148               7.724          0401Pa0225
  3132.355      23.0     1.043    -4.007
  3132.360 607.01214     0.370    -4.171               7.724          0401Pb0215
  3132.379 106.00113     0.488    -1.294               3.467             13CHCXR
  3132.392     108.0     1.990    -3.883                4.39
  3132.405      25.0     3.373    -2.087
  3132.413 607.01314     0.697    -3.424               7.724          0502Ra0305
  3132.419 607.01214     0.875    -3.102               7.724          0603Ra0235
  3132.452 607.01214     0.875    -3.123               7.724          0603Rb0225
  3132.460 607.01314     0.697    -3.442               7.724          0502Rb0295
  3132.517      68.1     1.402     0.505
  3132.518      26.0    3.2112    -0.528                              Kurucz   
  3132.532      24.1     6.805    -3.412
  3132.579      26.1     7.495    -2.793
  3132.583     108.0     1.612    -1.503                4.39
  3132.591      58.1     0.295    -0.541
  3132.594      42.0     0.000     0.375
  3132.596      23.1     2.900    -1.066
  3132.631     607.0     0.510    -4.678                7.65
  3132.645      26.0    3.2367    -1.207                              Kurucz   
  3132.656      73.0     0.491    -0.959
  3132.657      27.0     2.878    -4.620
  3132.676 607.01214     0.864    -3.123               7.724          0603Ra0225
  3132.694 607.01314     0.684    -3.442               7.724          0502Ra0295
  3132.708 607.01214     0.864    -3.145               7.724          0603Rb0215
  3132.710      22.0     1.997    -0.767                              EP changed from 5.95
  3132.718 607.01214     0.381    -4.125               7.724          0401Pa0235
  3132.725      25.1     6.177    -2.668
  3132.739 607.01314     0.684    -3.461               7.724          0502Rb0285
  3132.742 607.01214     0.381    -4.148               7.724          0401Pb0225
  3132.788      25.0     4.268    -0.500
  3132.794       8.2     36.90    -0.030
  3132.809      23.1     2.510    -1.527
  3132.816     108.0     1.947    -3.504                4.39
  3132.822      24.0     3.122    -0.409                              VALD EP/gf
  3132.845     108.0     1.947    -2.458                4.39
  3132.864      28.1     2.865    -3.652
  3132.865     108.0     0.686    -3.238                4.39
  3132.878      44.0     1.317    -0.759
  3132.939 607.01214     0.854    -3.145               7.724          0603Ra0215
  3132.970 607.01214     0.854    -3.167               7.724          0603Rb0205
  3132.978 607.01314     0.671    -3.461               7.724          0502Ra0285
